topagnps_ohio_files/hidden/DEDNM.asc
NCOLS 855
NROWS 506
XLLCENTER 715775.897000
YLLCENTER 4474739.330000
DX 3
DY 3
NODATA_VALUE -3.40282e+038
[rows 120 to 149 of 506, columns 201 to 267 of 855]
301.522 301.54 301.53 301.48 301.397 301.313 301.247 301.192 301.13 301.062 300.991 300.899 300.792 300.629 300.421 300.193 299.987 299.798 299.638 299.513 299.395 299.27 299.154 299.042 298.954 298.885 298.842 298.827 298.837 298.863 298.914 298.982 299.027 299.055 299.073 299.094 299.091 299.075 299.06 299.038 299.014 298.996 298.977 298.942 298.891 298.829 298.763 298.692 298.62 298.551 298.485 298.426 298.374 298.328 298.288 298.253 298.221 298.193 298.168 298.146 298.124 298.108 298.094 298.08 298.065 298.052 298.04
301.535 301.548 301.532 301.478 301.388 301.294 301.226 301.173 301.108 301.04 300.961 300.861 300.731 300.561 300.337 300.119 299.919 299.738 299.572 299.435 299.307 299.185 299.067 298.961 298.879 298.829 298.791 298.791 298.818 298.859 298.913 298.973 299.024 299.059 299.073 299.083 299.081 299.066 299.047 299.029 299.009 298.992 298.973 298.944 298.902 298.844 298.775 298.703 298.63 298.561 298.494 298.433 298.38 298.332 298.289 298.25 298.216 298.185 298.159 298.134 298.111 298.091 298.075 298.059 298.043 298.027 298.017
301.511 301.517 301.499 301.445 301.353 301.263 301.205 301.154 301.098 301.029 300.932 300.806 300.66 300.477 300.264 300.043 299.857 299.676 299.513 299.36 299.224 299.095 298.977 298.866 298.803 298.76 298.731 298.737 298.784 298.836 298.896 298.957 299.014 299.062 299.076 299.071 299.069 299.059 299.044 299.027 299.006 298.985 298.966 298.945 298.911 298.862 298.798 298.724 298.646 298.572 298.502 298.441 298.388 298.338 298.292 298.251 298.216 298.183 298.154 298.127 298.102 298.081 298.061 298.044 298.026 298.01 297.998
301.451 301.459 301.439 301.384 301.289 301.218 301.175 301.133 301.082 301.008 300.887 300.735 300.565 300.387 300.185 299.975 299.772 299.596 299.428 299.282 299.136 299.007 298.884 298.796 298.738 298.697 298.676 298.694 298.74 298.798 298.863 298.936 298.999 299.054 299.068 299.057 299.052 299.052 299.047 299.034 299.011 298.989 298.975 298.956 298.92 298.878 298.825 298.745 298.662 298.587 298.517 298.452 298.396 298.345 298.299 298.259 298.221 298.188 298.158 298.13 298.103 298.078 298.056 298.035 298.016 297.999 297.987
301.358 301.373 301.366 301.292 301.194 301.137 301.123 301.099 301.046 300.95 300.807 300.63 300.457 300.277 300.09 299.889 299.697 299.514 299.348 299.193 299.055 298.921 298.814 298.74 298.688 298.641 298.64 298.659 298.698 298.752 298.823 298.903 298.979 299.03 299.046 299.04 299.041 299.049 299.054 299.041 299.017 299.001 298.989 298.97 298.931 298.892 298.836 298.752 298.669 298.599 298.528 298.464 298.407 298.357 298.311 298.27 298.232 298.199 298.17 298.141 298.111 298.082 298.057 298.033 298.012 297.993 297.98
301.225 301.264 301.262 301.184 301.071 301.029 301.027 301.023 300.967 300.864 300.712 300.541 300.362 300.181 299.986 299.798 299.616 299.437 299.263 299.112 298.968 298.84 298.731 298.666 298.614 298.581 298.577 298.602 298.644 298.709 298.782 298.873 298.957 299.008 299.028 299.033 299.041 299.051 299.055 299.041 299.017 299.003 298.989 298.97 298.932 298.889 298.828 298.747 298.67 298.601 298.531 298.467 298.414 298.366 298.324 298.285 298.25 298.217 298.186 298.154 298.12 298.089 298.059 298.033 298.01 297.991 297.976
301.088 301.12 301.123 301.046 300.953 300.902 300.9 300.894 300.859 300.76 300.622 300.461 300.292 300.104 299.908 299.716 299.533 299.352 299.186 299.037 298.892 298.761 298.658 298.579 298.536 298.503 298.496 298.525 298.589 298.663 298.744 298.831 298.922 298.983 299.019 299.031 299.039 299.043 299.044 299.029 299.004 298.986 298.969 298.95 298.91 298.859 298.802 298.73 298.663 298.596 298.53 298.469 298.417 298.374 298.337 298.304 298.271 298.24 298.206 298.171 298.133 298.095 298.061 298.032 298.009 297.988 297.971
300.953 300.974 300.957 300.917 300.847 300.795 300.761 300.757 300.744 300.675 300.539 300.383 300.208 300.02 299.826 299.639 299.453 299.283 299.121 298.968 298.817 298.692 298.591 298.507 298.45 298.421 298.408 298.45 298.522 298.602 298.69 298.78 298.874 298.944 298.979 299.001 299.01 299.007 299 298.989 298.968 298.949 298.932 298.919 298.873 298.819 298.763 298.706 298.645 298.586 298.523 298.468 298.423 298.386 298.355 298.325 298.296 298.264 298.231 298.191 298.148 298.105 298.066 298.033 298.006 297.983 297.965
300.865 300.853 300.824 300.796 300.755 300.696 300.657 300.644 300.65 300.577 300.445 300.287 300.113 299.916 299.726 299.54 299.368 299.206 299.053 298.896 298.749 298.623 298.522 298.431 298.371 298.336 298.334 298.373 298.44 298.517 298.622 298.722 298.822 298.887 298.918 298.937 298.947 298.938 298.928 298.91 298.9 298.884 298.883 298.87 298.832 298.783 298.735 298.681 298.626 298.568 298.513 298.466 298.431 298.402 298.377 298.353 298.324 298.294 298.256 298.213 298.165 298.118 298.074 298.036 298.005 297.979 297.959
300.758 300.731 300.688 300.67 300.639 300.609 300.573 300.559 300.542 300.451 300.305 300.167 299.987 299.799 299.613 299.445 299.276 299.117 298.957 298.804 298.663 298.544 298.439 298.354 298.29 298.26 298.259 298.297 298.346 298.438 298.551 298.655 298.751 298.822 298.853 298.867 298.863 298.864 298.845 298.827 298.819 298.819 298.819 298.809 298.784 298.752 298.708 298.656 298.604 298.555 298.508 298.469 298.441 298.42 298.402 298.381 298.356 298.324 298.286 298.239 298.188 298.134 298.084 298.042 298.008 297.978 297.956
300.604 300.574 300.554 300.535 300.52 300.504 300.49 300.469 300.427 300.301 300.157 300.007 299.844 299.659 299.501 299.338 299.183 299.024 298.87 298.713 298.571 298.447 298.349 298.266 298.214 298.184 298.184 298.207 298.266 298.366 298.488 298.58 298.675 298.742 298.779 298.781 298.775 298.775 298.761 298.74 298.746 298.756 298.763 298.752 298.739 298.714 298.674 298.624 298.58 298.539 298.503 298.472 298.452 298.438 298.424 298.408 298.383 298.353 298.317 298.272 298.215 298.155 298.1 298.053 298.014 297.981 297.955
300.427 300.425 300.415 300.408 300.39 300.381 300.362 300.337 300.26 300.136 299.99 299.854 299.695 299.537 299.377 299.228 299.074 298.937 298.78 298.632 298.485 298.362 298.265 298.19 298.138 298.116 298.1 298.119 298.187 298.29 298.403 298.504 298.585 298.648 298.677 298.683 298.669 298.676 298.664 298.658 298.67 298.692 298.701 298.701 298.691 298.667 298.629 298.593 298.556 298.523 298.495 298.474 298.462 298.453 298.444 298.429 298.409 298.382 298.352 298.31 298.245 298.177 298.117 298.066 298.023 297.988 297.959
300.286 300.29 300.292 300.279 300.267 300.24 300.215 300.16 300.077 299.952 299.829 299.697 299.559 299.408 299.265 299.117 298.978 298.839 298.694 298.548 298.419 298.293 298.203 298.127 298.076 298.049 298.031 298.043 298.118 298.204 298.309 298.401 298.477 298.522 298.559 298.558 298.557 298.56 298.563 298.569 298.593 298.612 298.633 298.645 298.644 298.614 298.587 298.561 298.534 298.508 298.488 298.475 298.468 298.465 298.459 298.452 298.435 298.415 298.385 298.339 298.266 298.192 298.129 298.076 298.033 297.994 297.963
300.17 300.181 300.173 300.164 300.141 300.112 300.06 299.998 299.902 299.799 299.676 299.554 299.417 299.284 299.149 299.013 298.876 298.75 298.609 298.47 298.337 298.222 298.13 298.064 298.006 297.979 297.963 297.977 298.036 298.125 298.211 298.293 298.346 298.394 298.422 298.43 298.431 298.446 298.455 298.482 298.508 298.533 298.558 298.592 298.597 298.574 298.552 298.534 298.511 298.493 298.479 298.473 298.472 298.473 298.479 298.479 298.469 298.447 298.413 298.349 298.273 298.202 298.139 298.083 298.036 297.996 297.963
300.074 300.077 300.073 300.053 300.03 299.985 299.929 299.849 299.765 299.656 299.545 299.418 299.296 299.166 299.037 298.897 298.77 298.646 298.516 298.375 298.254 298.146 298.07 298.009 297.961 297.93 297.912 297.912 297.965 298.042 298.116 298.171 298.218 298.252 298.283 298.289 298.308 298.325 298.353 298.386 298.426 298.459 298.501 298.54 298.552 298.54 298.526 298.506 298.489 298.475 298.467 298.466 298.47 298.477 298.493 298.506 298.495 298.473 298.434 298.359 298.274 298.207 298.142 298.085 298.036 297.994 297.96
299.98 299.987 299.974 299.955 299.918 299.873 299.803 299.724 299.624 299.523 299.405 299.295 299.172 299.056 298.926 298.794 298.661 298.539 298.405 298.281 298.173 298.086 298.025 297.973 297.929 297.903 297.876 297.864 297.903 297.961 298.009 298.056 298.088 298.121 298.139 298.164 298.182 298.212 298.245 298.294 298.341 298.397 298.445 298.481 298.495 298.501 298.486 298.471 298.46 298.455 298.451 298.455 298.461 298.472 298.494 298.511 298.499 298.475 298.442 298.368 298.277 298.204 298.138 298.081 298.032 297.989 297.954
299.896 299.893 299.882 299.851 299.815 299.759 299.688 299.592 299.493 299.382 299.273 299.152 299.044 298.927 298.816 298.689 298.57 298.446 298.327 298.216 298.124 298.051 298.004 297.956 297.908 297.879 297.856 297.832 297.846 297.87 297.906 297.937 297.967 297.991 298.013 298.033 298.056 298.083 298.134 298.188 298.254 298.306 298.357 298.384 298.408 298.418 298.418 298.42 298.428 298.43 298.432 298.437 298.446 298.457 298.476 298.489 298.477 298.452 298.423 298.358 298.275 298.202 298.138 298.079 298.028 297.984 297.948
299.808 299.805 299.782 299.752 299.706 299.648 299.559 299.455 299.345 299.235 299.115 299.01 298.911 298.813 298.709 298.612 298.515 298.419 298.324 298.238 298.172 298.113 298.078 298.031 297.975 297.926 297.893 297.839 297.808 297.796 297.811 297.833 297.845 297.871 297.885 297.906 297.917 297.953 297.996 298.058 298.12 298.17 298.206 298.247 298.265 298.297 298.327 298.368 298.394 298.406 298.413 298.422 298.431 298.441 298.453 298.459 298.448 298.427 298.39 298.334 298.268 298.206 298.143 298.084 298.031 297.985 297.947
299.723 299.713 299.69 299.642 299.59 299.516 299.428 299.317 299.222 299.123 299.024 298.947 298.876 298.797 298.716 298.654 298.592 298.541 298.479 298.441 298.399 298.379 298.338 298.318 298.236 298.166 298.058 297.923 297.805 297.748 297.743 297.746 297.751 297.761 297.778 297.791 297.813 297.844 297.884 297.937 298.004 298.043 298.093 298.139 298.17 298.219 298.282 298.338 298.375 298.39 298.402 298.413 298.425 298.435 298.444 298.444 298.436 298.419 298.384 298.334 298.277 298.217 298.155 298.095 298.041 297.993 297.95
299.64 299.635 299.601 299.551 299.487 299.426 299.345 299.268 299.216 299.169 299.124 299.077 299.039 298.978 298.937 298.891 298.875 298.847 298.84 298.826 298.842 298.823 298.814 298.772 298.708 298.585 298.405 298.101 297.841 297.716 297.688 297.689 297.691 297.689 297.699 297.725 297.751 297.785 297.822 297.882 297.951 298.004 298.068 298.124 298.162 298.221 298.29 298.341 298.373 298.39 298.404 298.417 298.431 298.443 298.452 298.451 298.449 298.439 298.415 298.368 298.31 298.246 298.181 298.116 298.057 298.004 297.959
299.575 299.567 299.538 299.491 299.444 299.4 299.349 299.317 299.314 299.33 299.318 299.303 299.268 299.244 299.209 299.193 299.185 299.196 299.178 299.197 299.228 299.259 299.222 299.182 299.101 298.99 298.744 298.321 297.892 297.686 297.646 297.653 297.662 297.652 297.663 297.695 297.727 297.763 297.809 297.875 297.951 298.026 298.103 298.165 298.207 298.266 298.321 298.362 298.387 298.406 298.42 298.435 298.45 298.466 298.476 298.481 298.484 298.488 298.475 298.431 298.361 298.289 298.217 298.147 298.082 298.026 297.974
299.521 299.516 299.491 299.462 299.44 299.422 299.401 299.395 299.429 299.464 299.473 299.452 299.43 299.406 299.389 299.367 299.382 299.387 299.366 299.365 299.423 299.457 299.416 299.344 299.276 299.164 298.913 298.434 297.921 297.665 297.611 297.624 297.637 297.64 297.648 297.677 297.71 297.757 297.813 297.886 297.967 298.054 298.14 298.205 298.261 298.312 298.358 298.389 298.414 298.432 298.448 298.461 298.478 298.497 298.515 298.527 298.537 298.542 298.538 298.495 298.429 298.346 298.263 298.18 298.111 298.051 297.994
299.487 299.471 299.456 299.446 299.447 299.445 299.433 299.438 299.476 299.514 299.521 299.502 299.477 299.457 299.44 299.428 299.442 299.444 299.411 299.405 299.458 299.48 299.429 299.353 299.282 299.186 298.976 298.505 297.952 297.647 297.579 297.581 297.596 297.616 297.628 297.651 297.694 297.753 297.822 297.903 297.991 298.082 298.165 298.237 298.296 298.346 298.388 298.421 298.445 298.466 298.479 298.492 298.504 298.526 298.55 298.574 298.585 298.589 298.58 298.546 298.487 298.41 298.313 298.22 298.141 298.074 298.01
299.468 299.431 299.419 299.431 299.453 299.456 299.441 299.444 299.474 299.501 299.508 299.496 299.472 299.448 299.435 299.431 299.44 299.432 299.4 299.393 299.425 299.426 299.375 299.305 299.232 299.154 298.988 298.526 297.964 297.65 297.56 297.54 297.542 297.57 297.593 297.632 297.697 297.769 297.845 297.93 298.027 298.118 298.198 298.267 298.324 298.373 298.416 298.449 298.476 298.495 298.509 298.518 298.526 298.542 298.57 298.6 298.62 298.625 298.613 298.574 298.525 298.45 298.354 298.251 298.167 298.093 298.024
299.429 299.372 299.369 299.398 299.447 299.456 299.439 299.44 299.462 299.475 299.482 299.478 299.455 299.427 299.418 299.418 299.417 299.398 299.373 299.364 299.37 299.342 299.298 299.239 299.181 299.113 298.947 298.482 297.944 297.657 297.556 297.521 297.519 297.543 297.578 297.638 297.72 297.805 297.882 297.97 298.06 298.149 298.224 298.292 298.349 298.4 298.442 298.477 298.502 298.523 298.534 298.54 298.542 298.551 298.577 298.606 298.632 298.648 298.637 298.594 298.542 298.47 298.372 298.269 298.18 298.106 298.031
299.356 299.305 299.304 299.347 299.413 299.432 299.42 299.423 299.435 299.438 299.44 299.443 299.417 299.386 299.372 299.371 299.356 299.336 299.309 299.295 299.266 299.223 299.168 299.128 299.078 299.021 298.843 298.426 297.934 297.652 297.554 297.526 297.532 297.553 297.591 297.657 297.745 297.83 297.92 298.009 298.098 298.176 298.25 298.313 298.371 298.421 298.467 298.505 298.53 298.55 298.555 298.554 298.556 298.559 298.574 298.596 298.623 298.649 298.643 298.601 298.542 298.468 298.379 298.281 298.189 298.109 298.031
299.271 299.233 299.246 299.281 299.344 299.367 299.366 299.364 299.365 299.352 299.35 299.342 299.321 299.278 299.256 299.237 299.221 299.191 299.172 299.135 299.094 299.027 298.976 298.92 298.885 298.807 298.652 298.31 297.911 297.647 297.55 297.537 297.554 297.58 297.621 297.683 297.766 297.85 297.944 298.044 298.131 298.21 298.276 298.338 298.391 298.44 298.482 298.519 298.542 298.562 298.564 298.56 298.561 298.562 298.569 298.584 298.607 298.624 298.621 298.582 298.523 298.449 298.373 298.282 298.193 298.113 298.037
299.182 299.172 299.189 299.216 299.251 299.275 299.272 299.264 299.236 299.216 299.191 299.177 299.146 299.112 299.071 299.05 299.017 298.995 298.958 298.919 298.86 298.806 298.735 298.68 298.618 298.546 298.397 298.154 297.849 297.638 297.541 297.536 297.565 297.598 297.65 297.714 297.795 297.877 297.971 298.073 298.166 298.241 298.3 298.357 298.409 298.447 298.48 298.509 298.532 298.554 298.558 298.559 298.559 298.56 298.565 298.577 298.593 298.598 298.583 298.549 298.492 298.426 298.353 298.273 298.191 298.119 298.048
299.113 299.112 299.131 299.145 299.164 299.172 299.173 299.145 299.103 299.058 299.032 299 298.98 298.946 298.916 298.883 298.859 298.827 298.792 298.738 298.691 298.635 298.573 298.501 298.441 298.358 298.244 298.043 297.801 297.616 297.53 297.526 297.567 297.613 297.674 297.746 297.825 297.914 298.009 298.106 298.196 298.268 298.315 298.366 298.411 298.437 298.463 298.487 298.512 298.535 298.546 298.551 298.554 298.555 298.56 298.569 298.582 298.579 298.559 298.526 298.473 298.411 298.345 298.271 298.197 298.125 298.057
299.036 299.048 299.062 299.076 299.082 299.088 299.081 299.052 298.994 298.949 298.914 298.892 298.874 298.858 298.832 298.806 298.784 298.76 298.725 298.681 298.639 298.599 298.546 298.484 298.424 298.351 298.242 298.04 297.775 297.593 297.524 297.526 297.579 297.634 297.698 297.772 297.86 297.951 298.047 298.131 298.215 298.285 298.321 298.359 298.392 298.415 298.439 298.465 298.489 298.515 298.532 298.542 298.548 298.552 298.556 298.564 298.573 298.57 298.551 298.518 298.469 298.41 298.349 298.279 298.207 298.138 298.071
