topagnps_ohio_files/hidden/DEDNM.asc
NCOLS 855
NROWS 506
XLLCENTER 715775.897000
YLLCENTER 4474739.330000
DX 3
DY 3
NODATA_VALUE -3.40282e+038
[rows 270 to 299 of 506, columns 670 to 736 of 855]
295.869 295.847 295.831 295.822 295.823 295.834 295.857 295.891 295.933 295.98 296.027 296.072 296.112 296.144 296.165 296.181 296.196 296.218 296.241 296.264 296.283 296.298 296.31 296.32 296.328 296.339 296.357 296.384 296.42 296.475 296.553 296.642 296.736 296.828 296.916 296.987 297.051 297.091 297.119 297.123 297.125 297.12 297.128 297.149 297.186 297.229 297.284 297.35 297.427 297.5 297.577 297.653 297.739 297.839 297.958 298.084 298.227 298.386 298.565 298.782 299.079 299.418 299.711 299.904 300.029 300.08 300.073
295.854 295.831 295.815 295.809 295.814 295.831 295.858 295.895 295.937 295.985 296.034 296.083 296.136 296.177 296.203 296.21 296.218 296.232 296.251 296.269 296.284 296.297 296.308 296.32 296.33 296.345 296.368 296.403 296.444 296.507 296.59 296.695 296.807 296.917 297.007 297.096 297.165 297.218 297.236 297.235 297.215 297.192 297.174 297.19 297.224 297.263 297.307 297.365 297.437 297.512 297.585 297.658 297.741 297.852 297.984 298.124 298.272 298.444 298.641 298.88 299.186 299.526 299.82 300.018 300.121 300.156 300.143
295.838 295.815 295.803 295.799 295.807 295.827 295.855 295.892 295.936 295.985 296.037 296.094 296.167 296.225 296.247 296.241 296.232 296.239 296.253 296.267 296.28 296.29 296.298 296.31 296.328 296.348 296.381 296.427 296.485 296.551 296.641 296.755 296.888 297.004 297.118 297.217 297.307 297.359 297.379 297.354 297.322 297.271 297.235 297.233 297.265 297.296 297.326 297.371 297.436 297.509 297.578 297.642 297.719 297.839 297.987 298.133 298.295 298.483 298.697 298.942 299.254 299.59 299.866 300.046 300.125 300.134 300.115
295.822 295.803 295.792 295.793 295.802 295.821 295.848 295.883 295.925 295.975 296.029 296.097 296.179 296.244 296.268 296.254 296.233 296.235 296.245 296.256 296.268 296.275 296.274 296.29 296.314 296.344 296.384 296.44 296.511 296.595 296.696 296.829 296.966 297.102 297.229 297.358 297.454 297.527 297.534 297.503 297.445 297.385 297.327 297.303 297.31 297.331 297.348 297.379 297.433 297.497 297.561 297.619 297.695 297.817 297.974 298.139 298.314 298.519 298.732 298.983 299.278 299.59 299.848 300.027 300.109 300.107 300.081
295.804 295.791 295.784 295.787 295.798 295.816 295.841 295.873 295.911 295.957 296.012 296.074 296.144 296.2 296.231 296.226 296.216 296.219 296.229 296.231 296.233 296.229 296.23 296.246 296.276 296.311 296.361 296.427 296.51 296.609 296.737 296.888 297.05 297.201 297.349 297.487 297.601 297.67 297.692 297.646 297.577 297.497 297.431 297.382 297.366 297.36 297.364 297.388 297.439 297.5 297.557 297.616 297.703 297.831 297.988 298.156 298.334 298.535 298.766 299.019 299.296 299.565 299.814 299.998 300.082 300.082 300.052
295.783 295.778 295.778 295.784 295.796 295.814 295.836 295.863 295.897 295.941 295.992 296.043 296.094 296.14 296.168 296.18 296.184 296.195 296.203 296.2 296.182 296.172 296.172 296.192 296.222 296.263 296.327 296.416 296.519 296.632 296.773 296.941 297.116 297.291 297.451 297.6 297.709 297.783 297.805 297.767 297.686 297.605 297.521 297.463 297.428 297.404 297.392 297.414 297.46 297.519 297.571 297.634 297.727 297.858 298.012 298.175 298.353 298.552 298.781 299.042 299.316 299.589 299.82 299.975 300.032 300.028 300.011
295.763 295.761 295.772 295.783 295.797 295.814 295.832 295.854 295.883 295.921 295.968 296.013 296.054 296.088 296.116 296.134 296.15 296.162 296.172 296.167 296.147 296.131 296.132 296.149 296.191 296.254 296.341 296.437 296.542 296.672 296.831 297.001 297.18 297.359 297.526 297.668 297.788 297.864 297.887 297.843 297.767 297.673 297.578 297.508 297.467 297.431 297.409 297.424 297.465 297.519 297.576 297.646 297.743 297.873 298.031 298.204 298.392 298.594 298.811 299.064 299.348 299.638 299.874 299.983 299.99 299.972 299.966
295.735 295.745 295.764 295.78 295.795 295.81 295.825 295.844 295.866 295.9 295.939 295.981 296.016 296.048 296.071 296.092 296.11 296.125 296.132 296.137 296.13 296.123 296.13 296.155 296.203 296.284 296.38 296.473 296.574 296.707 296.874 297.052 297.238 297.428 297.598 297.738 297.862 297.951 297.962 297.905 297.796 297.686 297.581 297.501 297.455 297.416 297.392 297.399 297.44 297.498 297.568 297.654 297.757 297.888 298.046 298.231 298.429 298.641 298.853 299.09 299.376 299.677 299.928 300.022 299.99 299.945 299.934
295.694 295.726 295.754 295.773 295.787 295.799 295.812 295.828 295.849 295.876 295.911 295.944 295.978 296.005 296.028 296.039 296.051 296.06 296.077 296.097 296.113 296.116 296.131 296.166 296.219 296.297 296.392 296.498 296.613 296.744 296.908 297.087 297.281 297.481 297.674 297.822 297.937 298.002 297.992 297.913 297.795 297.688 297.588 297.504 297.454 297.411 297.388 297.389 297.434 297.5 297.578 297.672 297.793 297.922 298.078 298.261 298.466 298.669 298.868 299.091 299.376 299.693 299.953 300.048 300.011 299.946 299.904
295.671 295.714 295.746 295.765 295.776 295.786 295.798 295.813 295.832 295.855 295.883 295.914 295.942 295.967 295.983 295.985 295.971 295.975 296.001 296.05 296.081 296.089 296.105 296.15 296.208 296.281 296.374 296.496 296.633 296.778 296.936 297.117 297.301 297.501 297.696 297.856 297.963 298.008 297.979 297.902 297.822 297.744 297.661 297.599 297.544 297.503 297.476 297.477 297.512 297.577 297.643 297.73 297.847 297.98 298.128 298.314 298.507 298.698 298.879 299.105 299.382 299.678 299.929 300.041 300.023 299.954 299.876
295.689 295.724 295.749 295.763 295.773 295.781 295.791 295.806 295.822 295.843 295.867 295.892 295.917 295.937 295.951 295.943 295.916 295.906 295.946 296.009 296.047 296.055 296.076 296.129 296.19 296.268 296.364 296.497 296.647 296.798 296.958 297.13 297.315 297.507 297.695 297.85 297.966 298.014 297.993 297.938 297.874 297.804 297.747 297.693 297.639 297.595 297.587 297.59 297.627 297.681 297.744 297.813 297.92 298.054 298.212 298.379 298.564 298.749 298.942 299.162 299.415 299.657 299.873 299.996 300.006 299.943 299.834
295.717 295.741 295.758 295.768 295.777 295.784 295.792 295.807 295.825 295.842 295.864 295.887 295.908 295.924 295.932 295.93 295.916 295.913 295.949 296.006 296.043 296.06 296.094 296.145 296.202 296.281 296.389 296.523 296.675 296.819 296.978 297.147 297.327 297.516 297.695 297.857 297.983 298.041 298.035 298.005 297.938 297.864 297.818 297.787 297.75 297.736 297.736 297.756 297.779 297.828 297.875 297.942 298.026 298.156 298.31 298.475 298.657 298.85 299.03 299.222 299.425 299.623 299.798 299.906 299.932 299.87 299.76
295.737 295.754 295.765 295.773 295.784 295.805 295.831 295.85 295.85 295.849 295.875 295.915 295.938 295.945 295.935 295.927 295.928 295.941 295.975 296.025 296.064 296.092 296.131 296.178 296.232 296.315 296.422 296.551 296.695 296.845 296.999 297.168 297.343 297.522 297.684 297.845 297.979 298.053 298.07 298.056 298.002 297.929 297.898 297.889 297.901 297.905 297.916 297.929 297.964 297.993 298.042 298.091 298.17 298.282 298.43 298.583 298.753 298.924 299.089 299.257 299.424 299.58 299.707 299.784 299.789 299.745 299.648
295.75 295.76 295.766 295.771 295.781 295.815 295.854 295.868 295.858 295.842 295.865 295.905 295.928 295.944 295.93 295.918 295.925 295.945 295.988 296.038 296.074 296.107 296.147 296.191 296.254 296.344 296.447 296.565 296.705 296.855 296.999 297.155 297.331 297.483 297.624 297.771 297.914 297.997 298.042 298.048 298.02 297.979 297.963 297.976 298.005 298.027 298.028 298.047 298.08 298.121 298.164 298.224 298.299 298.417 298.547 298.691 298.833 298.987 299.147 299.307 299.448 299.564 299.65 299.679 299.671 299.634 299.563
295.753 295.755 295.759 295.76 295.767 295.79 295.815 295.817 295.818 295.81 295.825 295.842 295.863 295.891 295.898 295.894 295.906 295.924 295.961 296.003 296.041 296.08 296.123 296.171 296.243 296.344 296.448 296.548 296.674 296.814 296.96 297.109 297.265 297.404 297.529 297.672 297.796 297.887 297.94 297.973 297.981 297.986 297.994 298.015 298.045 298.067 298.079 298.101 298.144 298.188 298.24 298.309 298.414 298.535 298.668 298.794 298.936 299.078 299.235 299.375 299.497 299.587 299.643 299.653 299.634 299.593 299.513
295.738 295.74 295.741 295.742 295.743 295.747 295.745 295.745 295.756 295.767 295.773 295.781 295.797 295.831 295.851 295.865 295.882 295.9 295.918 295.954 296.002 296.056 296.108 296.166 296.233 296.306 296.398 296.502 296.619 296.763 296.911 297.066 297.212 297.351 297.478 297.597 297.704 297.789 297.858 297.903 297.935 297.966 297.996 298.025 298.052 298.08 298.109 298.149 298.195 298.246 298.303 298.394 298.513 298.651 298.781 298.924 299.06 299.208 299.345 299.482 299.584 299.655 299.687 299.687 299.652 299.593 299.501
295.716 295.716 295.718 295.719 295.719 295.718 295.718 295.718 295.724 295.731 295.741 295.751 295.768 295.791 295.815 295.837 295.864 295.887 295.907 295.941 295.995 296.055 296.109 296.176 296.234 296.28 296.361 296.481 296.611 296.757 296.903 297.046 297.185 297.319 297.441 297.55 297.65 297.741 297.825 297.887 297.929 297.973 298.011 298.04 298.074 298.108 298.149 298.197 298.258 298.322 298.402 298.502 298.628 298.764 298.91 299.047 299.189 299.32 299.455 299.578 299.677 299.728 299.753 299.743 299.707 299.642 299.55
295.697 295.695 295.697 295.701 295.701 295.7 295.698 295.699 295.703 295.71 295.717 295.729 295.745 295.766 295.791 295.819 295.851 295.887 295.924 295.965 296.015 296.067 296.114 296.172 296.229 296.286 296.374 296.488 296.623 296.765 296.908 297.038 297.161 297.284 297.403 297.51 297.611 297.706 297.803 297.883 297.939 297.989 298.022 298.052 298.091 298.135 298.182 298.244 298.314 298.399 298.496 298.617 298.745 298.892 299.033 299.165 299.293 299.42 299.535 299.654 299.745 299.798 299.811 299.797 299.753 299.683 299.579
295.681 295.677 295.681 295.686 295.689 295.688 295.687 295.687 295.69 295.696 295.704 295.715 295.731 295.752 295.777 295.809 295.846 295.889 295.934 295.982 296.033 296.082 296.122 296.169 296.232 296.319 296.41 296.507 296.629 296.77 296.901 297.018 297.131 297.247 297.359 297.466 297.563 297.659 297.747 297.829 297.906 297.979 298.02 298.054 298.099 298.151 298.211 298.28 298.363 298.453 298.57 298.706 298.855 298.996 299.132 299.253 299.384 299.509 299.625 299.729 299.814 299.854 299.858 299.83 299.774 299.684 299.557
295.663 295.665 295.67 295.676 295.679 295.679 295.678 295.678 295.681 295.688 295.696 295.707 295.721 295.743 295.772 295.807 295.848 295.892 295.942 295.993 296.045 296.096 296.147 296.201 296.271 296.359 296.448 296.533 296.633 296.75 296.86 296.974 297.091 297.209 297.318 297.415 297.513 297.6 297.676 297.746 297.848 297.95 298.017 298.056 298.105 298.166 298.228 298.301 298.39 298.498 298.627 298.777 298.919 299.058 299.183 299.312 299.45 299.592 299.711 299.81 299.877 299.902 299.88 299.836 299.77 299.663 299.519
295.656 295.659 295.665 295.67 295.673 295.673 295.672 295.672 295.675 295.681 295.69 295.699 295.715 295.737 295.768 295.805 295.849 295.898 295.95 296.006 296.058 296.105 296.158 296.229 296.315 296.403 296.486 296.563 296.635 296.719 296.816 296.924 297.045 297.163 297.27 297.369 297.46 297.548 297.617 297.692 297.789 297.902 297.985 298.037 298.093 298.159 298.222 298.303 298.403 298.519 298.655 298.803 298.952 299.088 299.223 299.355 299.504 299.647 299.766 299.854 299.919 299.929 299.887 299.82 299.738 299.623 299.469
295.659 295.659 295.664 295.669 295.671 295.671 295.669 295.668 295.671 295.677 295.685 295.696 295.711 295.735 295.766 295.805 295.85 295.901 295.958 296.018 296.081 296.136 296.193 296.263 296.36 296.453 296.538 296.602 296.664 296.731 296.813 296.907 297.014 297.129 297.227 297.316 297.407 297.492 297.576 297.657 297.743 297.83 297.918 297.986 298.058 298.128 298.207 298.299 298.412 298.541 298.684 298.829 298.974 299.117 299.265 299.419 299.57 299.715 299.827 299.92 299.977 299.977 299.918 299.824 299.706 299.563 299.398
295.659 295.659 295.663 295.667 295.67 295.67 295.667 295.665 295.667 295.673 295.682 295.693 295.71 295.735 295.768 295.808 295.856 295.907 295.966 296.028 296.099 296.18 296.262 296.355 296.451 296.549 296.629 296.709 296.779 296.844 296.887 296.947 297.026 297.11 297.187 297.266 297.353 297.44 297.523 297.605 297.681 297.757 297.838 297.926 298.007 298.089 298.178 298.275 298.392 298.535 298.68 298.819 298.947 299.086 299.229 299.39 299.548 299.697 299.822 299.921 299.976 299.972 299.909 299.818 299.703 299.567 299.397
295.648 295.654 295.659 295.663 295.665 295.665 295.662 295.66 295.661 295.669 295.68 295.693 295.711 295.737 295.771 295.813 295.863 295.922 295.982 296.035 296.1 296.202 296.32 296.432 296.543 296.639 296.734 296.815 296.895 296.946 296.98 297.016 297.066 297.104 297.146 297.22 297.305 297.39 297.471 297.543 297.621 297.693 297.775 297.866 297.954 298.039 298.132 298.227 298.341 298.473 298.616 298.753 298.889 299.019 299.161 299.313 299.48 299.628 299.757 299.845 299.892 299.876 299.814 299.712 299.598 299.453 299.296
295.639 295.644 295.651 295.655 295.656 295.655 295.654 295.652 295.656 295.665 295.678 295.695 295.716 295.743 295.773 295.813 295.868 295.937 296.005 296.062 296.13 296.242 296.376 296.507 296.637 296.764 296.865 296.944 296.992 297.032 297.058 297.092 297.123 297.139 297.145 297.188 297.243 297.307 297.381 297.461 297.552 297.639 297.717 297.8 297.883 297.973 298.065 298.169 298.279 298.398 298.531 298.677 298.818 298.954 299.092 299.248 299.404 299.551 299.66 299.74 299.764 299.743 299.672 299.573 299.436 299.291 299.123
295.63 295.633 295.638 295.643 295.644 295.645 295.645 295.647 295.654 295.664 295.68 295.699 295.723 295.751 295.778 295.812 295.873 295.951 296.034 296.107 296.188 296.287 296.422 296.574 296.737 296.885 297 297.063 297.094 297.113 297.139 297.161 297.19 297.205 297.211 297.225 297.251 297.289 297.349 297.422 297.511 297.598 297.675 297.75 297.829 297.913 298.007 298.108 298.223 298.343 298.473 298.609 298.75 298.887 299.03 299.172 299.318 299.45 299.56 299.621 299.641 299.608 299.54 299.434 299.313 299.17 299.015
295.625 295.628 295.632 295.636 295.638 295.64 295.642 295.647 295.656 295.669 295.687 295.709 295.736 295.768 295.797 295.83 295.885 295.968 296.057 296.147 296.23 296.324 296.455 296.625 296.801 296.969 297.096 297.175 297.204 297.221 297.226 297.236 297.252 297.275 297.287 297.296 297.308 297.342 297.389 297.441 297.5 297.565 297.634 297.708 297.785 297.869 297.954 298.054 298.16 298.278 298.394 298.524 298.662 298.806 298.947 299.086 299.22 299.346 299.436 299.491 299.5 299.476 299.395 299.294 299.184 299.069 298.927
295.629 295.633 295.638 295.642 295.644 295.645 295.648 295.654 295.665 295.68 295.701 295.726 295.757 295.791 295.827 295.862 295.909 295.978 296.068 296.162 296.254 296.357 296.505 296.671 296.853 297.026 297.176 297.276 297.333 297.341 297.331 297.316 297.318 297.325 297.336 297.339 297.348 297.372 297.404 297.442 297.487 297.537 297.601 297.671 297.747 297.826 297.912 298.005 298.111 298.219 298.341 298.465 298.597 298.733 298.877 299.014 299.142 299.24 299.305 299.328 299.332 299.292 299.22 299.113 299.02 298.918 298.813
295.648 295.65 295.654 295.66 295.66 295.661 295.661 295.668 295.68 295.698 295.72 295.749 295.781 295.82 295.857 295.896 295.937 295.989 296.073 296.186 296.299 296.423 296.567 296.739 296.926 297.124 297.277 297.388 297.442 297.455 297.43 297.401 297.38 297.37 297.361 297.358 297.361 297.374 297.395 297.426 297.466 297.516 297.574 297.642 297.71 297.787 297.868 297.958 298.056 298.167 298.281 298.405 298.525 298.656 298.78 298.91 299.021 299.108 299.15 299.166 299.137 299.089 299.009 298.936 298.854 298.779 298.69
295.675 295.671 295.679 295.684 295.687 295.685 295.685 295.69 295.704 295.724 295.75 295.78 295.815 295.853 295.897 295.94 295.987 296.035 296.109 296.212 296.325 296.457 296.614 296.794 296.995 297.198 297.372 297.474 297.515 297.519 297.502 297.465 297.438 297.415 297.395 297.379 297.374 297.378 297.391 297.414 297.449 297.494 297.549 297.611 297.68 297.752 297.827 297.911 298.006 298.106 298.216 298.331 298.455 298.572 298.689 298.796 298.901 298.97 299.016 299.009 298.964 298.888 298.824 298.756 298.702 298.634 298.569
