topagnps_ohio_files/hidden/DEDNM.asc
NCOLS 855
NROWS 506
XLLCENTER 715775.897000
YLLCENTER 4474739.330000
DX 3
DY 3
NODATA_VALUE -3.40282e+038
[rows 300 to 329 of 506, columns 134 to 200 of 855]
299.724 299.752 299.759 299.741 299.724 299.713 299.697 299.674 299.648 299.616 299.579 299.538 299.492 299.442 299.393 299.344 299.264 299.143 299.044 298.998 298.955 298.874 298.81 298.798 298.809 298.797 298.773 298.75 298.736 298.729 298.737 298.748 298.749 298.747 298.79 298.885 298.98 299.03 299.068 299.111 299.155 299.192 299.227 299.253 299.269 299.273 299.275 299.279 299.292 299.314 299.349 299.377 299.396 299.426 299.457 299.475 299.487 299.514 299.555 299.594 299.629 299.653 299.669 299.684 299.699 299.715 299.732
299.756 299.788 299.792 299.771 299.745 299.724 299.699 299.671 299.64 299.605 299.567 299.526 299.481 299.43 299.377 299.316 299.241 299.152 299.07 299.017 298.969 298.906 298.859 298.865 298.876 298.858 298.824 298.802 298.784 298.776 298.775 298.783 298.777 298.775 298.819 298.925 299.029 299.084 299.115 299.157 299.198 299.238 299.27 299.298 299.312 299.318 299.315 299.319 299.321 299.338 299.375 299.401 299.411 299.44 299.472 299.484 299.49 299.509 299.548 299.596 299.636 299.658 299.677 299.691 299.707 299.723 299.74
299.775 299.806 299.811 299.787 299.759 299.728 299.695 299.662 299.627 299.589 299.547 299.505 299.459 299.411 299.36 299.301 299.232 299.158 299.087 299.025 298.976 298.936 298.912 298.914 298.925 298.908 298.882 298.856 298.837 298.821 298.819 298.825 298.824 298.817 298.861 298.963 299.072 299.132 299.171 299.213 299.255 299.293 299.329 299.353 299.368 299.37 299.371 299.365 299.36 299.37 299.408 299.43 299.434 299.458 299.492 299.506 299.504 299.518 299.556 299.61 299.647 299.67 299.69 299.71 299.725 299.741 299.754
299.774 299.802 299.806 299.786 299.758 299.721 299.683 299.644 299.607 299.564 299.52 299.475 299.432 299.387 299.339 299.284 299.222 299.16 299.101 299.053 299.014 298.987 298.971 298.978 298.98 298.964 298.935 298.913 298.888 298.871 298.863 298.868 298.864 298.864 298.906 299.005 299.102 299.17 299.22 299.274 299.318 299.361 299.392 299.417 299.427 299.429 299.422 299.406 299.396 299.414 299.446 299.467 299.466 299.483 299.516 299.533 299.533 299.545 299.586 299.634 299.674 299.697 299.716 299.735 299.754 299.767 299.778
299.754 299.781 299.781 299.768 299.743 299.707 299.665 299.625 299.581 299.532 299.481 299.439 299.396 299.357 299.313 299.265 299.211 299.157 299.109 299.073 299.049 299.028 299.026 299.047 299.06 299.026 298.989 298.961 298.939 298.917 298.908 298.909 298.913 298.922 298.973 299.054 299.14 299.209 299.275 299.331 299.383 299.424 299.459 299.479 299.491 299.487 299.473 299.444 299.44 299.465 299.497 299.513 299.514 299.52 299.552 299.575 299.58 299.593 299.629 299.684 299.722 299.739 299.748 299.77 299.792 299.805 299.808
299.728 299.755 299.759 299.742 299.718 299.683 299.643 299.601 299.554 299.496 299.441 299.392 299.354 299.317 299.283 299.241 299.196 299.149 299.11 299.087 299.073 299.06 299.06 299.099 299.132 299.097 299.038 299.004 298.979 298.96 298.948 298.953 298.966 298.993 299.037 299.104 299.18 299.259 299.327 299.39 299.439 299.486 299.518 299.544 299.553 299.55 299.527 299.5 299.497 299.527 299.556 299.573 299.572 299.576 299.6 299.633 299.652 299.666 299.705 299.761 299.802 299.801 299.802 299.821 299.843 299.848 299.845
299.696 299.723 299.732 299.718 299.689 299.655 299.611 299.565 299.513 299.454 299.395 299.349 299.309 299.277 299.245 299.211 299.172 299.134 299.103 299.092 299.093 299.083 299.077 299.118 299.162 299.129 299.07 299.036 299.016 298.994 298.985 298.994 299.021 299.048 299.086 299.145 299.224 299.303 299.377 299.44 299.498 299.543 299.58 299.603 299.62 299.617 299.6 299.571 299.566 299.589 299.62 299.633 299.641 299.647 299.669 299.702 299.736 299.769 299.807 299.864 299.893 299.893 299.882 299.893 299.9 299.897 299.88
299.662 299.683 299.697 299.682 299.649 299.606 299.566 299.518 299.464 299.403 299.349 299.304 299.266 299.234 299.208 299.178 299.146 299.111 299.087 299.086 299.099 299.09 299.078 299.101 299.132 299.11 299.072 299.056 299.041 299.018 299.009 299.033 299.066 299.088 299.119 299.186 299.267 299.347 299.421 299.489 299.547 299.6 299.638 299.67 299.689 299.694 299.676 299.656 299.643 299.661 299.686 299.704 299.712 299.73 299.747 299.783 299.825 299.875 299.923 299.963 299.993 299.991 299.983 299.973 299.967 299.948 299.918
299.621 299.635 299.639 299.625 299.585 299.542 299.501 299.467 299.417 299.36 299.305 299.262 299.224 299.196 299.172 299.147 299.116 299.086 299.064 299.065 299.075 299.068 299.055 299.064 299.071 299.062 299.05 299.055 299.053 299.03 299.02 299.049 299.083 299.102 299.141 299.217 299.307 299.391 299.468 299.534 299.597 299.655 299.707 299.739 299.766 299.771 299.763 299.746 299.742 299.748 299.778 299.798 299.815 299.829 299.848 299.872 299.92 299.974 300.027 300.076 300.101 300.105 300.082 300.062 300.035 300.002 299.948
299.575 299.573 299.571 299.552 299.522 299.478 299.442 299.407 299.366 299.312 299.264 299.222 299.189 299.161 299.139 299.113 299.086 299.057 299.037 299.028 299.029 299.021 299.017 299.018 299.021 299.018 299.02 299.029 299.041 299.03 299.017 299.034 299.067 299.102 299.162 299.248 299.345 299.438 299.512 299.584 299.65 299.719 299.775 299.815 299.84 299.857 299.857 299.857 299.849 299.857 299.879 299.907 299.927 299.957 299.973 299.992 300.02 300.08 300.143 300.213 300.262 300.247 300.201 300.15 300.107 300.042 299.967
299.52 299.513 299.5 299.485 299.458 299.427 299.39 299.355 299.311 299.266 299.222 299.187 299.155 299.131 299.108 299.085 299.058 299.031 299.007 298.993 298.984 298.978 298.973 298.975 298.975 298.977 298.975 298.986 299.005 299.009 298.996 299.007 299.043 299.102 299.181 299.281 299.403 299.5 299.565 299.629 299.701 299.773 299.841 299.885 299.918 299.938 299.954 299.954 299.951 299.958 299.987 300.014 300.055 300.092 300.122 300.131 300.162 300.21 300.284 300.355 300.409 300.391 300.305 300.225 300.153 300.066 299.977
299.466 299.451 299.439 299.419 299.399 299.371 299.342 299.304 299.265 299.223 299.187 299.155 299.129 299.104 299.084 299.061 299.035 299 298.973 298.96 298.952 298.941 298.935 298.931 298.932 298.929 298.927 298.945 298.978 298.97 298.953 298.977 299.033 299.107 299.191 299.311 299.463 299.572 299.618 299.671 299.736 299.822 299.896 299.952 299.989 300.017 300.031 300.039 300.043 300.071 300.098 300.132 300.172 300.226 300.259 300.285 300.312 300.367 300.425 300.495 300.529 300.491 300.391 300.274 300.174 300.078 299.984
299.408 299.393 299.375 299.358 299.336 299.315 299.286 299.255 299.221 299.188 299.157 299.132 299.109 299.088 299.067 299.045 299.014 298.977 298.949 298.939 298.929 298.915 298.903 298.896 298.892 298.889 298.885 298.905 298.941 298.928 298.894 298.929 299.019 299.113 299.202 299.326 299.498 299.612 299.656 299.702 299.776 299.869 299.953 300.009 300.056 300.081 300.098 300.11 300.142 300.178 300.212 300.241 300.286 300.34 300.395 300.425 300.467 300.511 300.576 300.628 300.636 300.576 300.457 300.324 300.204 300.095 299.987
299.359 299.337 299.319 299.3 299.282 299.261 299.239 299.211 299.185 299.158 299.136 299.116 299.099 299.082 299.065 299.044 299.013 298.977 298.95 298.934 298.916 298.895 298.879 298.867 298.86 298.856 298.854 298.863 298.886 298.878 298.854 298.885 298.989 299.098 299.197 299.324 299.477 299.598 299.677 299.755 299.833 299.921 300.004 300.065 300.104 300.135 300.155 300.183 300.223 300.267 300.298 300.34 300.389 300.459 300.519 300.572 300.613 300.658 300.707 300.759 300.739 300.65 300.511 300.358 300.231 300.111 299.989
299.315 299.292 299.271 299.253 299.234 299.217 299.198 299.178 299.157 299.14 299.124 299.11 299.097 299.086 299.076 299.062 299.039 299.004 298.971 298.94 298.91 298.883 298.861 298.846 298.834 298.83 298.829 298.835 298.845 298.843 298.826 298.851 298.94 299.06 299.176 299.302 299.441 299.577 299.693 299.784 299.859 299.941 300.031 300.09 300.126 300.163 300.201 300.236 300.278 300.318 300.364 300.419 300.496 300.569 300.646 300.712 300.767 300.795 300.836 300.862 300.831 300.724 300.57 300.399 300.249 300.118 299.985
299.28 299.254 299.234 299.215 299.2 299.184 299.17 299.155 299.141 299.13 299.12 299.113 299.106 299.101 299.096 299.096 299.082 299.044 298.995 298.953 298.913 298.879 298.851 298.828 298.815 298.808 298.809 298.815 298.824 298.824 298.809 298.823 298.909 299.031 299.155 299.277 299.42 299.562 299.675 299.757 299.841 299.934 300.013 300.07 300.121 300.168 300.216 300.27 300.323 300.371 300.427 300.506 300.592 300.675 300.751 300.836 300.891 300.93 300.949 300.947 300.889 300.786 300.628 300.445 300.277 300.128 299.983
299.249 299.224 299.203 299.188 299.174 299.163 299.152 299.142 299.134 299.128 299.125 299.124 299.125 299.124 299.122 299.128 299.124 299.079 299.02 298.967 298.922 298.879 298.843 298.816 298.798 298.79 298.79 298.797 298.806 298.813 298.807 298.822 298.896 299.008 299.127 299.258 299.406 299.54 299.623 299.697 299.788 299.887 299.951 300.01 300.076 300.137 300.194 300.262 300.32 300.379 300.461 300.548 300.642 300.732 300.825 300.913 300.987 301.032 301.046 301.011 300.938 300.818 300.663 300.48 300.304 300.136 299.98
299.227 299.201 299.182 299.167 299.157 299.148 299.142 299.138 299.136 299.137 299.138 299.145 299.152 299.158 299.157 299.162 299.152 299.107 299.042 298.981 298.924 298.877 298.836 298.805 298.783 298.772 298.772 298.776 298.785 298.795 298.809 298.837 298.894 298.983 299.089 299.212 299.357 299.474 299.548 299.611 299.702 299.788 299.864 299.93 300.006 300.071 300.148 300.23 300.299 300.373 300.469 300.564 300.653 300.749 300.854 300.968 301.047 301.081 301.079 301.048 300.975 300.851 300.685 300.499 300.307 300.128 299.964
299.209 299.185 299.167 299.155 299.147 299.142 299.14 299.141 299.146 299.15 299.157 299.168 299.189 299.205 299.21 299.207 299.188 299.127 299.058 299.002 298.959 298.9 298.836 298.793 298.766 298.753 298.748 298.751 298.757 298.77 298.791 298.828 298.879 298.948 299.031 299.134 299.262 299.378 299.443 299.507 299.578 299.671 299.763 299.854 299.925 299.998 300.079 300.174 300.261 300.355 300.461 300.572 300.678 300.779 300.887 300.994 301.069 301.095 301.085 301.049 300.975 300.858 300.684 300.486 300.289 300.106 299.939
299.196 299.174 299.159 299.149 299.143 299.142 299.145 299.151 299.159 299.17 299.181 299.199 299.22 299.234 299.238 299.246 299.225 299.15 299.064 299.016 298.981 298.917 298.836 298.782 298.751 298.73 298.722 298.721 298.727 298.736 298.757 298.786 298.831 298.887 298.955 299.039 299.164 299.269 299.327 299.37 299.437 299.522 299.634 299.724 299.805 299.875 299.973 300.078 300.194 300.295 300.403 300.517 300.645 300.765 300.872 300.963 301.037 301.076 301.069 301.022 300.947 300.826 300.662 300.463 300.266 300.071 299.894
299.186 299.169 299.158 299.15 299.148 299.15 299.156 299.165 299.178 299.192 299.21 299.229 299.248 299.25 299.243 299.246 299.222 299.146 299.06 299.004 298.956 298.892 298.819 298.77 298.734 298.711 298.696 298.693 298.694 298.703 298.717 298.739 298.768 298.814 298.862 298.943 299.061 299.159 299.18 299.204 299.251 299.339 299.432 299.523 299.588 299.68 299.796 299.958 300.1 300.216 300.311 300.426 300.555 300.687 300.791 300.886 300.967 301.023 301.023 300.984 300.908 300.795 300.646 300.464 300.26 300.06 299.884
299.18 299.167 299.16 299.157 299.158 299.164 299.174 299.188 299.203 299.219 299.237 299.256 299.269 299.265 299.24 299.214 299.177 299.111 299.043 298.979 298.922 298.86 298.802 298.754 298.718 298.692 298.676 298.666 298.666 298.67 298.676 298.678 298.698 298.727 298.763 298.811 298.908 298.983 299.003 299.013 299.065 299.129 299.212 299.283 299.362 299.451 299.608 299.809 299.996 300.122 300.227 300.335 300.464 300.583 300.698 300.797 300.891 300.958 300.982 300.952 300.875 300.761 300.617 300.452 300.269 300.082 299.916
299.172 299.165 299.163 299.165 299.172 299.184 299.202 299.219 299.237 299.25 299.267 299.28 299.285 299.272 299.234 299.185 299.132 299.077 299.015 298.953 298.892 298.838 298.785 298.741 298.705 298.678 298.658 298.647 298.641 298.642 298.639 298.632 298.634 298.658 298.683 298.716 298.764 298.822 298.847 298.881 298.924 298.987 299.056 299.141 299.223 299.324 299.471 299.673 299.868 300.018 300.136 300.252 300.372 300.503 300.622 300.733 300.822 300.9 300.937 300.922 300.845 300.723 300.579 300.431 300.279 300.116 299.967
299.167 299.163 299.166 299.176 299.19 299.212 299.233 299.256 299.272 299.289 299.307 299.32 299.3 299.259 299.214 299.168 299.115 299.055 298.994 298.931 298.873 298.819 298.771 298.728 298.695 298.668 298.647 298.633 298.624 298.619 298.614 298.605 298.605 298.618 298.637 298.653 298.679 298.711 298.754 298.794 298.836 298.884 298.963 299.047 299.133 299.232 299.386 299.582 299.783 299.936 300.055 300.165 300.29 300.415 300.546 300.663 300.763 300.83 300.869 300.858 300.795 300.686 300.564 300.433 300.293 300.155 300.016
299.164 299.165 299.173 299.189 299.212 299.239 299.268 299.29 299.31 299.325 299.344 299.348 299.319 299.264 299.205 299.151 299.092 299.031 298.97 298.91 298.854 298.805 298.759 298.72 298.686 298.66 298.639 298.624 298.612 298.601 298.592 298.588 298.587 298.594 298.602 298.612 298.627 298.651 298.682 298.722 298.753 298.799 298.866 298.95 299.028 299.137 299.284 299.484 299.689 299.852 299.965 300.084 300.204 300.322 300.447 300.57 300.667 300.742 300.776 300.767 300.71 300.635 300.546 300.437 300.315 300.196 300.069
299.162 299.169 299.184 299.206 299.234 299.267 299.298 299.329 299.354 299.372 299.37 299.35 299.313 299.259 299.196 299.133 299.071 299.005 298.939 298.879 298.829 298.786 298.746 298.711 298.683 298.658 298.637 298.619 298.604 298.589 298.578 298.57 298.568 298.568 298.572 298.582 298.6 298.618 298.637 298.658 298.689 298.733 298.792 298.858 298.944 299.047 299.186 299.358 299.561 299.712 299.832 299.95 300.075 300.195 300.342 300.464 300.563 300.641 300.685 300.667 300.62 300.555 300.487 300.399 300.307 300.215 300.102
299.162 299.174 299.196 299.224 299.261 299.299 299.34 299.379 299.41 299.419 299.404 299.362 299.308 299.247 299.18 299.116 299.049 298.982 298.913 298.855 298.809 298.772 298.737 298.71 298.687 298.661 298.639 298.621 298.605 298.589 298.575 298.561 298.551 298.548 298.553 298.566 298.58 298.596 298.607 298.617 298.642 298.684 298.731 298.795 298.876 298.97 299.083 299.249 299.428 299.574 299.677 299.801 299.921 300.056 300.202 300.342 300.444 300.526 300.558 300.553 300.511 300.46 300.396 300.336 300.276 300.212 300.122
299.164 299.181 299.208 299.243 299.285 299.334 299.383 299.428 299.451 299.451 299.424 299.374 299.31 299.241 299.168 299.091 299.018 298.954 298.9 298.845 298.801 298.77 298.742 298.715 298.686 298.661 298.642 298.627 298.613 298.599 298.582 298.567 298.553 298.547 298.551 298.559 298.56 298.566 298.581 298.592 298.609 298.636 298.679 298.744 298.821 298.893 298.991 299.139 299.312 299.44 299.545 299.653 299.783 299.912 300.065 300.2 300.312 300.379 300.416 300.409 300.382 300.33 300.29 300.246 300.208 300.164 300.103
299.165 299.188 299.221 299.262 299.312 299.365 299.416 299.455 299.471 299.462 299.429 299.374 299.31 299.24 299.166 299.083 299.003 298.944 298.897 298.849 298.812 298.783 298.753 298.723 298.691 298.66 298.638 298.626 298.618 298.611 298.6 298.587 298.575 298.565 298.566 298.567 298.56 298.553 298.559 298.573 298.586 298.6 298.633 298.693 298.756 298.817 298.898 299.036 299.198 299.322 299.409 299.519 299.643 299.789 299.932 300.069 300.165 300.233 300.25 300.248 300.214 300.182 300.154 300.133 300.102 300.075 300.018
299.165 299.193 299.228 299.279 299.339 299.394 299.442 299.474 299.483 299.47 299.431 299.374 299.309 299.244 299.174 299.1 299.022 298.963 298.916 298.876 298.842 298.811 298.775 298.745 298.719 298.689 298.66 298.643 298.634 298.631 298.624 298.614 298.602 298.589 298.578 298.574 298.566 298.554 298.553 298.566 298.576 298.58 298.6 298.637 298.685 298.735 298.81 298.929 299.085 299.197 299.28 299.377 299.507 299.643 299.791 299.911 300.015 300.068 300.087 300.067 300.04 300.011 300.006 299.99 299.979 299.949 299.902
