topagnps_ohio_files/hidden/DEDNM.asc
NCOLS 855
NROWS 506
XLLCENTER 715775.897000
YLLCENTER 4474739.330000
DX 3
DY 3
NODATA_VALUE -3.40282e+038
[rows 60 to 89 of 506, columns 268 to 334 of 855]
297.309 297.269 297.234 297.208 297.187 297.176 297.171 297.173 297.175 297.177 297.174 297.167 297.151 297.127 297.098 297.065 297.026 296.985 296.939 296.89 296.837 296.786 296.729 296.672 296.615 296.56 296.512 296.475 296.45 296.438 296.431 296.432 296.437 296.45 296.471 296.502 296.537 296.577 296.615 296.659 296.703 296.744 296.787 296.823 296.86 296.891 296.917 296.927 296.924 296.898 296.857 296.795 296.728 296.652 296.578 296.488 296.399 296.315 296.288 296.287 296.277 296.251 296.244 296.257 296.282 296.308 296.339
297.345 297.305 297.271 297.242 297.221 297.206 297.202 297.199 297.199 297.197 297.197 297.192 297.176 297.15 297.125 297.089 297.046 297 296.953 296.904 296.853 296.8 296.746 296.689 296.635 296.58 296.533 296.495 296.47 296.454 296.448 296.449 296.458 296.475 296.503 296.537 296.58 296.624 296.672 296.72 296.763 296.806 296.845 296.885 296.918 296.952 296.977 296.998 296.997 296.981 296.94 296.887 296.819 296.75 296.674 296.599 296.512 296.443 296.398 296.38 296.351 296.323 296.302 296.297 296.302 296.316 296.336
297.385 297.348 297.312 297.283 297.258 297.241 297.23 297.225 297.219 297.216 297.216 297.214 297.193 297.174 297.158 297.118 297.063 297.006 296.957 296.908 296.858 296.807 296.753 296.697 296.641 296.59 296.546 296.513 296.486 296.47 296.462 296.465 296.477 296.5 296.532 296.572 296.618 296.67 296.72 296.775 296.83 296.875 296.917 296.956 296.996 297.029 297.062 297.08 297.089 297.071 297.033 296.977 296.92 296.852 296.784 296.711 296.647 296.58 296.526 296.471 296.426 296.383 296.354 296.333 296.326 296.327 296.332
297.432 297.393 297.359 297.327 297.3 297.276 297.259 297.244 297.233 297.226 297.226 297.22 297.197 297.176 297.159 297.122 297.063 297 296.945 296.898 296.85 296.802 296.748 296.694 296.642 296.596 296.558 296.526 296.502 296.485 296.479 296.481 296.496 296.521 296.557 296.601 296.653 296.707 296.765 296.822 296.89 296.949 296.989 297.03 297.07 297.117 297.148 297.168 297.173 297.166 297.131 297.086 297.027 296.964 296.891 296.826 296.762 296.702 296.63 296.565 296.5 296.448 296.402 296.37 296.348 296.338 296.328
297.483 297.445 297.407 297.373 297.339 297.309 297.283 297.26 297.239 297.224 297.216 297.201 297.175 297.141 297.112 297.076 297.028 296.968 296.92 296.879 296.835 296.785 296.734 296.682 296.638 296.599 296.567 296.54 296.518 296.504 296.496 296.5 296.515 296.54 296.575 296.621 296.674 296.733 296.793 296.865 296.947 297.023 297.077 297.113 297.158 297.207 297.248 297.267 297.281 297.267 297.237 297.182 297.125 297.064 297.007 296.941 296.885 296.816 296.737 296.654 296.581 296.513 296.456 296.407 296.372 296.346 296.323
297.536 297.494 297.455 297.415 297.376 297.336 297.3 297.265 297.235 297.212 297.191 297.168 297.137 297.105 297.07 297.033 296.986 296.935 296.891 296.854 296.812 296.767 296.719 296.674 296.634 296.601 296.573 296.552 296.534 296.521 296.516 296.519 296.533 296.556 296.591 296.634 296.686 296.748 296.818 296.897 296.99 297.082 297.157 297.206 297.251 297.308 297.346 297.369 297.373 297.363 297.326 297.273 297.212 297.168 297.113 297.06 297.001 296.935 296.841 296.744 296.653 296.577 296.509 296.448 296.397 296.358 296.321
297.581 297.538 297.492 297.451 297.404 297.357 297.31 297.267 297.229 297.197 297.167 297.13 297.102 297.07 297.036 296.996 296.953 296.905 296.862 296.827 296.791 296.75 296.709 296.669 296.635 296.606 296.582 296.562 296.547 296.538 296.534 296.537 296.549 296.571 296.603 296.643 296.695 296.759 296.835 296.914 297.003 297.105 297.197 297.264 297.325 297.381 297.423 297.442 297.449 297.439 297.418 297.375 297.325 297.263 297.207 297.146 297.084 297.007 296.918 296.819 296.726 296.638 296.56 296.486 296.425 296.376 296.332
297.623 297.573 297.525 297.474 297.422 297.367 297.316 297.266 297.222 297.188 297.154 297.11 297.072 297.042 297.008 296.969 296.921 296.88 296.842 296.813 296.78 296.741 296.704 296.67 296.641 296.615 296.595 296.577 296.564 296.556 296.553 296.555 296.567 296.586 296.614 296.651 296.698 296.757 296.828 296.905 296.988 297.09 297.187 297.279 297.357 297.418 297.461 297.489 297.501 297.501 297.486 297.465 297.42 297.361 297.295 297.236 297.158 297.069 296.971 296.879 296.788 296.697 296.606 296.524 296.447 296.385 296.336
297.654 297.604 297.549 297.494 297.436 297.379 297.321 297.263 297.215 297.184 297.151 297.107 297.059 297.022 296.994 296.954 296.906 296.872 296.845 296.815 296.781 296.745 296.711 296.68 296.652 296.63 296.611 296.597 296.584 296.576 296.572 296.574 296.583 296.6 296.625 296.658 296.698 296.751 296.812 296.881 296.965 297.061 297.166 297.272 297.364 297.431 297.481 297.515 297.541 297.551 297.547 297.53 297.504 297.449 297.396 297.326 297.24 297.136 297.037 296.937 296.84 296.74 296.645 296.556 296.468 296.391 296.336
297.679 297.625 297.568 297.509 297.445 297.392 297.336 297.273 297.224 297.183 297.146 297.11 297.064 297.019 296.994 296.958 296.914 296.885 296.86 296.827 296.792 296.759 296.728 296.697 296.672 296.649 296.632 296.617 296.606 296.596 296.593 296.593 296.599 296.612 296.634 296.663 296.701 296.75 296.809 296.876 296.956 297.047 297.146 297.247 297.347 297.432 297.494 297.54 297.576 297.604 297.61 297.604 297.58 297.539 297.479 297.403 297.302 297.206 297.101 296.994 296.885 296.782 296.681 296.587 296.494 296.41 296.347
297.7 297.647 297.587 297.516 297.443 297.395 297.349 297.295 297.247 297.194 297.15 297.118 297.082 297.037 297.007 296.975 296.934 296.905 296.879 296.849 296.814 296.781 296.749 296.72 296.693 296.67 296.652 296.64 296.628 296.62 296.614 296.613 296.617 296.627 296.644 296.67 296.704 296.749 296.805 296.872 296.95 297.037 297.124 297.219 297.324 297.421 297.5 297.573 297.629 297.658 297.673 297.671 297.648 297.596 297.531 297.447 297.354 297.257 297.153 297.035 296.928 296.819 296.719 296.624 296.536 296.45 296.375
297.72 297.665 297.607 297.536 297.466 297.413 297.358 297.312 297.279 297.231 297.183 297.145 297.112 297.071 297.034 296.996 296.958 296.929 296.907 296.875 296.842 296.809 296.778 296.746 296.717 296.692 296.674 296.661 296.651 296.642 296.637 296.635 296.638 296.644 296.66 296.682 296.713 296.754 296.806 296.869 296.945 297.03 297.122 297.217 297.321 297.413 297.499 297.585 297.647 297.682 297.7 297.703 297.678 297.627 297.56 297.481 297.394 297.305 297.196 297.078 296.963 296.856 296.753 296.664 296.577 296.496 296.419
297.737 297.683 297.626 297.571 297.511 297.458 297.397 297.351 297.319 297.28 297.225 297.177 297.139 297.104 297.065 297.029 296.994 296.969 296.935 296.9 296.868 296.842 296.811 296.778 296.746 296.721 296.699 296.685 296.673 296.666 296.661 296.661 296.662 296.668 296.679 296.699 296.727 296.765 296.814 296.871 296.942 297.025 297.118 297.216 297.323 297.423 297.513 297.598 297.664 297.713 297.736 297.732 297.716 297.673 297.611 297.532 297.44 297.343 297.235 297.12 297.009 296.899 296.796 296.699 296.607 296.522 296.46
297.758 297.706 297.656 297.606 297.561 297.51 297.458 297.406 297.367 297.327 297.281 297.223 297.185 297.152 297.124 297.094 297.058 297.017 296.978 296.936 296.9 296.874 296.851 296.816 296.785 296.754 296.731 296.712 296.7 296.692 296.689 296.688 296.691 296.695 296.704 296.719 296.744 296.777 296.822 296.877 296.944 297.024 297.11 297.21 297.318 297.421 297.516 297.603 297.677 297.732 297.757 297.76 297.753 297.723 297.663 297.594 297.505 297.402 297.286 297.17 297.058 296.945 296.837 296.733 296.621 296.529 296.48
297.781 297.736 297.691 297.651 297.612 297.574 297.526 297.481 297.436 297.396 297.35 297.304 297.264 297.231 297.199 297.175 297.128 297.083 297.045 297.005 296.96 296.93 296.902 296.868 296.828 296.795 296.765 296.746 296.73 296.723 296.718 296.719 296.719 296.724 296.731 296.744 296.762 296.792 296.831 296.882 296.945 297.019 297.106 297.206 297.314 297.413 297.511 297.6 297.674 297.732 297.766 297.781 297.781 297.752 297.702 297.636 297.559 297.461 297.343 297.213 297.094 296.982 296.878 296.773 296.664 296.574 296.534
297.808 297.768 297.734 297.7 297.672 297.642 297.609 297.569 297.534 297.481 297.439 297.394 297.36 297.321 297.288 297.248 297.203 297.163 297.132 297.088 297.049 297.007 296.97 296.925 296.883 296.841 296.809 296.782 296.765 296.754 296.75 296.747 296.747 296.749 296.755 296.764 296.781 296.807 296.844 296.889 296.947 297.018 297.102 297.199 297.305 297.406 297.502 297.59 297.66 297.716 297.758 297.785 297.787 297.756 297.708 297.646 297.57 297.483 297.366 297.238 297.125 297.021 296.917 296.816 296.729 296.669 296.626
297.84 297.81 297.782 297.76 297.736 297.718 297.692 297.668 297.631 297.589 297.541 297.495 297.451 297.421 297.38 297.336 297.287 297.259 297.226 297.189 297.143 297.096 297.042 296.991 296.941 296.896 296.856 296.826 296.803 296.789 296.779 296.776 296.773 296.775 296.777 296.784 296.797 296.822 296.856 296.901 296.956 297.023 297.099 297.191 297.291 297.388 297.477 297.56 297.635 297.69 297.731 297.764 297.764 297.734 297.688 297.632 297.564 297.48 297.374 297.259 297.158 297.053 296.952 296.867 296.811 296.766 296.74
297.876 297.854 297.84 297.825 297.815 297.797 297.784 297.764 297.739 297.703 297.665 297.608 297.564 297.524 297.488 297.438 297.398 297.361 297.333 297.29 297.244 297.185 297.125 297.061 297.005 296.952 296.909 296.873 296.847 296.827 296.815 296.807 296.804 296.801 296.803 296.807 296.82 296.84 296.872 296.914 296.967 297.029 297.103 297.187 297.276 297.358 297.436 297.516 297.592 297.647 297.694 297.726 297.726 297.694 297.656 297.615 297.565 297.495 297.4 297.294 297.188 297.085 296.99 296.934 296.897 296.874 296.856
297.912 297.905 297.901 297.906 297.905 297.902 297.893 297.897 297.872 297.835 297.789 297.749 297.695 297.645 297.597 297.557 297.513 297.479 297.438 297.396 297.339 297.281 297.208 297.141 297.074 297.019 296.967 296.928 296.894 296.872 296.856 296.846 296.838 296.835 296.833 296.837 296.846 296.866 296.894 296.932 296.98 297.039 297.108 297.185 297.265 297.344 297.415 297.484 297.552 297.611 297.66 297.691 297.687 297.655 297.623 297.603 297.571 297.517 297.432 297.325 297.22 297.122 297.044 296.999 296.979 296.963 296.97
297.953 297.955 297.969 297.991 298.01 298.012 298.021 298.021 298.005 297.958 297.917 297.867 297.818 297.76 297.715 297.67 297.632 297.589 297.551 297.501 297.445 297.373 297.298 297.219 297.154 297.088 297.034 296.986 296.95 296.921 296.903 296.888 296.879 296.872 296.87 296.87 296.879 296.895 296.921 296.955 297.002 297.056 297.118 297.188 297.262 297.335 297.404 297.47 297.528 297.578 297.621 297.647 297.647 297.617 297.589 297.569 297.542 297.494 297.426 297.331 297.232 297.145 297.086 297.058 297.045 297.048 297.07
297.988 298.003 298.024 298.064 298.096 298.119 298.124 298.124 298.109 298.083 298.036 297.991 297.941 297.891 297.834 297.792 297.745 297.704 297.66 297.616 297.55 297.479 297.394 297.314 297.233 297.165 297.101 297.052 297.008 296.977 296.952 296.937 296.923 296.917 296.912 296.912 296.917 296.931 296.952 296.984 297.025 297.077 297.136 297.203 297.271 297.336 297.399 297.458 297.509 297.549 297.583 297.602 297.599 297.58 297.551 297.522 297.485 297.441 297.385 297.309 297.212 297.136 297.103 297.1 297.118 297.141 297.179
298.02 298.04 298.073 298.117 298.166 298.2 298.212 298.208 298.209 298.191 298.159 298.113 298.069 298.014 297.968 297.913 297.866 297.816 297.78 297.727 297.663 297.587 297.504 297.41 297.327 297.245 297.178 297.117 297.071 297.032 297.008 296.987 296.975 296.965 296.962 296.958 296.962 296.971 296.99 297.015 297.055 297.102 297.159 297.221 297.286 297.348 297.405 297.457 297.5 297.535 297.559 297.57 297.565 297.545 297.519 297.485 297.444 297.393 297.341 297.284 297.216 297.158 297.137 297.158 297.2 297.251 297.284
298.042 298.07 298.105 298.157 298.216 298.261 298.282 298.294 298.291 298.287 298.267 298.233 298.172 298.121 298.083 298.039 297.983 297.937 297.894 297.853 297.79 297.719 297.615 297.515 297.416 297.336 297.257 297.193 297.137 297.096 297.063 297.043 297.028 297.021 297.014 297.012 297.009 297.015 297.027 297.053 297.087 297.134 297.185 297.245 297.306 297.365 297.418 297.467 297.506 297.536 297.554 297.558 297.547 297.527 297.499 297.463 297.415 297.364 297.321 297.288 297.257 297.223 297.216 297.242 297.289 297.331 297.372
298.061 298.09 298.129 298.18 298.242 298.29 298.334 298.359 298.361 298.362 298.358 298.323 298.268 298.214 298.187 298.152 298.105 298.044 297.998 297.956 297.911 297.84 297.742 297.625 297.522 297.423 297.34 297.263 297.207 297.159 297.126 297.1 297.085 297.074 297.068 297.061 297.058 297.057 297.068 297.088 297.122 297.164 297.216 297.273 297.334 297.389 297.444 297.489 297.526 297.55 297.564 297.562 297.549 297.525 297.494 297.453 297.402 297.353 297.321 297.3 297.289 297.283 297.289 297.325 297.367 297.408 297.44
298.074 298.105 298.144 298.192 298.242 298.3 298.357 298.396 298.415 298.431 298.425 298.397 298.357 298.321 298.28 298.254 298.211 298.155 298.098 298.056 298.009 297.952 297.864 297.752 297.628 297.521 297.422 297.341 297.273 297.224 297.184 297.158 297.137 297.125 297.114 297.107 297.1 297.1 297.106 297.126 297.156 297.199 297.248 297.306 297.365 297.428 297.481 297.527 297.557 297.579 297.586 297.583 297.565 297.538 297.501 297.453 297.4 297.36 297.342 297.334 297.337 297.342 297.36 297.39 297.436 297.481 297.52
298.087 298.116 298.156 298.2 298.249 298.314 298.374 298.419 298.466 298.488 298.49 298.47 298.452 298.423 298.385 298.346 298.314 298.261 298.212 298.164 298.123 298.061 297.978 297.857 297.728 297.609 297.507 297.415 297.344 297.286 297.245 297.211 297.19 297.172 297.162 297.151 297.146 297.142 297.15 297.168 297.2 297.24 297.29 297.346 297.409 297.47 297.527 297.57 297.604 297.62 297.625 297.615 297.595 297.563 297.522 297.469 297.414 297.383 297.374 297.383 297.394 297.409 297.422 297.447 297.487 297.543 297.583
298.103 298.132 298.169 298.212 298.268 298.342 298.405 298.461 298.503 298.531 298.547 298.546 298.526 298.51 298.482 298.45 298.405 298.364 298.314 298.278 298.233 298.168 298.067 297.942 297.806 297.689 297.581 297.488 297.411 297.352 297.303 297.271 297.245 297.229 297.214 297.205 297.195 297.193 297.196 297.215 297.244 297.287 297.338 297.398 297.46 297.52 297.575 297.625 297.662 297.684 297.68 297.662 297.63 297.595 297.553 297.5 297.45 297.422 297.419 297.43 297.457 297.479 297.496 297.51 297.551 297.598 297.637
298.125 298.152 298.189 298.23 298.286 298.355 298.419 298.479 298.521 298.557 298.589 298.59 298.575 298.564 298.552 298.526 298.486 298.438 298.4 298.364 298.321 298.241 298.143 298.01 297.879 297.766 297.663 297.56 297.478 297.412 297.367 297.332 297.31 297.291 297.279 297.264 297.255 297.246 297.25 297.264 297.293 297.334 297.389 297.448 297.512 297.571 297.633 297.686 297.726 297.744 297.742 297.714 297.674 297.632 297.59 297.545 297.504 297.487 297.479 297.491 297.521 297.56 297.578 297.598 297.63 297.67 297.693
298.15 298.177 298.21 298.252 298.304 298.363 298.422 298.479 298.531 298.575 298.609 298.617 298.604 298.597 298.58 298.559 298.53 298.492 298.465 298.439 298.386 298.313 298.217 298.1 297.968 297.858 297.739 297.633 297.544 297.48 297.431 297.399 297.375 297.361 297.345 297.332 297.315 297.306 297.303 297.317 297.342 297.386 297.438 297.498 297.558 297.62 297.683 297.744 297.779 297.794 297.786 297.759 297.715 297.67 297.627 297.591 297.566 297.555 297.559 297.572 297.604 297.642 297.67 297.687 297.72 297.745 297.761
298.186 298.207 298.237 298.273 298.319 298.368 298.422 298.477 298.53 298.579 298.619 298.642 298.639 298.622 298.604 298.586 298.568 298.542 298.524 298.496 298.447 298.377 298.293 298.192 298.076 297.938 297.804 297.687 297.608 297.544 297.499 297.465 297.446 297.428 297.414 297.395 297.378 297.363 297.36 297.367 297.393 297.431 297.484 297.543 297.603 297.663 297.727 297.785 297.817 297.823 297.815 297.788 297.748 297.703 297.662 297.629 297.612 297.612 297.623 297.648 297.681 297.727 297.756 297.782 297.8 297.813 297.815
